3.1347
3.9706
4.8065
5.6424
6.2462
7.9180
8.7539
9.5898
10.4258
11.2617
12.0976
13.1193
13.9552
14.7911
15.6270
16.4629
17.2989
18.1348
18.9707
19.7834
20.6425
21.4785
22.2912
23.1271
23.9630
24.7989
25.6348
26.4707
27.3067
28.1426
28.9553
29.5822
30.4181
31.2541
32.0900
32.7169
33.7618
34.5977
35.0157
37.0823
38.9631
39.7990
40.6349
41.4708
42.3068
43.1427
43.9786
44.9074
45.8362
46.4631
47.9260
48.7619
49.5978
50.4337
52.0824
52.7093
53.9632
54.7991
55.6350
56.4477
57.2836
58.1195
58.9555
59.7914
60.6273
61.6722
62.5081
63.3440
64.1800
65.0159
67.0824
69.1722
70.0082
71.4710
72.3069
75.0005
75.8364
76.6723
77.5082
78.3441
79.1800
79.8070
80.6429
82.0825
82.9185
83.7544
84.7993
85.4262
86.4711
87.2838
88.3287
89.1646
90.0005
90.6275
91.4634
92.7173
93.5532
94.5981
95.4340
96.2467
97.0826
97.9185
98.7545
99.5904
100.6353
101.4712
102.3071
103.1430
103.7468
106.0455
106.4635
107.2994
108.1353
108.9712
109.7839
110.6199
111.4558
112.2917
113.1276
113.9635
115.2174
116.0533
116.8893
117.5162
120.4187
121.6726
122.0905
123.3444
123.9713
125.6432
126.2701
127.2918
128.3367
129.1726
130.0085
130.8444
131.6804
132.5163
133.6541
135.0008
135.8367
136.6727
137.5086
138.3445
139.1804
140.2021
141.6649
142.5009
143.3368
144.1727
145.0086
145.8445
146.8894
147.7255
148.5613
150.4189
151.6727
152.7176
153.1356
154.5985
155.0164
157.0830
158.3369
159.3818
160.2177
161.2626
162.0985
162.9344
163.7471
165.4190
166.2549
167.0908
169.1806
170.0165
170.4112
173.8710
174.5908
175.4268
176.2627
177.0986
177.9345
180.6280
181.8819
182.9268
183.7627
184.8076
187.2922
188.3371
189.3820