3.4366
4.2493
5.0852
5.9211
6.7338
7.5929
8.4288
9.2415
10.0775
11.3313
12.1673
13.1425
14.0249
14.9537
15.7896
16.7416
17.5775
18.4134
19.2493
20.0853
20.9212
21.7571
22.5930
23.8469
24.6596
25.4955
26.3314
27.1673
28.0033
28.8392
29.6751
30.5110
31.3469
32.5776
33.8315
34.6674
35.5033
36.3160
37.1519
37.9878
38.8470
39.6829
40.7975
41.7495
42.5854
43.4213
44.2572
45.0932
45.9291
46.7650
47.6009
48.8316
49.6675
50.5034
51.3393
52.1752
53.0112
53.8471
55.1010
57.1675
58.0034
58.8394
59.6753
60.0932
61.3471
64.6676
65.5035
66.3394
67.1753
68.0112
68.8472
69.6831
70.4958
71.3317
72.1676
73.0035
73.8395
74.6754
75.5113
76.3472
77.6011
78.4138
79.6677
80.9215
81.7575
82.5934
83.4293
84.2420
85.0779
85.9138
86.7498
87.5857
88.4216
89.2575
90.0934
90.9293
91.7653
92.6012
93.4139
94.6678
95.5037
96.3396
97.1755
98.0114
98.8473
99.6833
100.5192
101.3319
102.1678
103.0037
103.8396
104.6756
105.5115
106.3474
107.1833
107.9960
108.8319
109.6678
110.5038
111.3397
112.1756
113.0115
113.8474
114.6834
115.4961
116.3320
117.4465
118.2824
119.1184
119.9543
120.7902
121.7654
122.6014
123.4141
124.2500
125.0859
125.9218
126.7577
127.5937
128.4296
129.2655
130.0782
130.9141
131.7500
132.5860
133.8398
134.6757
135.5117
136.3476
139.2501
140.5039
141.3399
142.1758
143.0117
143.8476
144.6603
145.4962
146.1928
147.1681
148.0040
148.8399
149.6758
150.5117
151.3244
152.1604
152.9963
154.5288
155.3647
156.3400
157.4545
158.2904
159.5443
160.9375
163.4220
164.2580
165.0939
165.9298
166.3478
167.6016
169.6682
170.5041
171.3400
172.1760
173.0119
173.8478