3.1811
3.9242
4.6208
5.3174
6.0604
6.8034
8.2199
9.3112
10.2168
10.9366
13.2818
14.0016
14.7215
15.4413
16.1611
16.8809
18.3205
19.0171
19.7370
20.4568
21.8964
22.6162
23.3361
27.6317
28.3516
29.0714
30.1395
31.2076
32.6473
33.3439
34.0637
36.9197
37.6395
38.7077
39.4275
40.1241
42.6086
44.0250
44.5823
45.4415
46.1613
46.8811
50.4105
51.1303
51.6644
52.5468
53.9632
54.6598
56.0762
56.7960
58.2124
58.9090
61.0453
62.4385
63.6923
65.2713
65.9679
67.2218
67.7326
68.7775
69.3348
70.1939
70.9137
72.1444
73.0268
74.4200
75.4881
76.9045
77.6011
78.4834
79.3426
80.7590
81.4556
82.5237
84.6367
87.4463
88.1429
88.8395
89.5361
90.2327
90.9293
91.6492
92.3225
93.0424
93.7390
94.4356
95.1322
95.8288
96.5254
97.2220
97.9185
98.9634
100.3566
101.0300
102.0749
102.8180
103.4913
104.5130
105.2328
105.9294
106.6028
107.2762
107.9728
109.0641
110.0858
110.7824
111.4790
112.0131
112.5471
113.2437
113.9403
114.7995
115.6354
116.3552
117.0518
117.7252
118.3985
121.1849
122.9264
123.7856
124.6215
125.8522
126.6881
127.9187
128.7546
129.5995
130.4961
134.2578
135.6045
136.9977
138.3445
139.7377
141.8043
144.5442
145.5891
147.9808
149.3507
151.4173
154.1573
155.5273
157.2455
158.9638
162.5629
165.1403
167.8803
174.0800