3.4366
5.8282
6.8034
7.7322
8.9323
10.1471
11.5868
12.5388
13.5140
14.4660
15.4180
16.8809
18.3205
19.2726
21.1998
22.1518
25.0311
25.9831
26.9351
28.3980
29.3500
30.3253
32.7169
33.5432
36.5482
37.5234
39.1032
40.4032
41.6734
42.7343
44.1232
45.3432
46.3212
47.4502
48.8780
49.9926
51.9198
53.5220
54.7991
55.7511
57.0514
58.4678
59.5824
60.3951
61.9973
62.9493
64.5515
66.1023
67.2682
68.2434
69.1955
71.1227
72.0747
72.8874
74.9540
76.8813
78.7853
79.7605
80.7126
81.9897
83.6151
85.5191
87.2838
88.3984
89.8380
90.8132
91.9232
93.0424
94.1569
95.1322
96.8737
97.9882
98.9634
101.3551
102.7947
105.2096
106.1616
107.1137
109.5053
110.3180
112.4078
113.3598
114.3118
115.1245
119.1184
119.9311
120.8831
121.8351
122.7871
123.9017
124.8769
125.8289
126.8042
127.7562
128.7082
129.5209
130.6355
131.5875
132.5627
133.5147
134.4668
135.2795
136.3940
137.2067
138.1587
139.2733
140.2253
141.2005
142.1526
142.9653
144.0798
145.0318
146.9591
147.9111
148.8631
149.8384
150.7904
151.7424
152.5551
153.3678
154.6449
155.5969
156.5489
157.5242
158.4762
159.4282
160.4034
161.3555
163.2827
164.2347
166.1620
167.1140
168.0660
168.8787
169.9933
170.9685
171.9205
172.8726
174.7998
175.7518
177.6791
178.6311
179.6063
180.5584
181.5104
182.4856
183.4376
188.0584