3.5759
4.5047
5.7121
6.6409
7.5697
8.4753
9.4041
10.3329
11.2385
12.1673
13.0961
13.8623
14.7911
15.8592
16.7880
17.7168
18.6224
19.5512
20.4800
21.4088
22.3376
23.2432
24.1720
25.1008
26.0296
26.9351
27.8639
28.7927
29.7215
30.6503
31.5559
32.4847
34.3423
35.2479
36.1767
37.1055
38.0343
38.9399
39.8687
40.7975
42.6318
43.5606
44.4894
45.4182
46.3238
47.2526
51.8734
52.8022
65.7125
66.6413
69.4044
70.3332
73.0964
74.0252
74.9540
77.7172
80.4804
81.8503
82.9417
83.8705
84.7993
85.7281
86.3086
87.8643
88.7931
89.6987
90.6275
91.5563
92.4851
93.3907
94.3195
95.2483
96.1771
97.4077
98.9402
99.8690
101.0997
103.5610
104.4898
105.3954
106.3242
107.2530
108.0192
110.0161
110.9449
111.8737
112.7793
113.7081
114.6369
115.4032
119.2577
120.4883
121.5565
122.4853
123.4141
124.3196
125.2484
126.1772
127.1060
128.4760
129.4048
130.3336
131.2392
134.0256
138.6231
147.8647
151.5566
152.4854
156.1774
157.0830
158.9406
159.4050
161.7038
163.5614
164.4902
167.2533
168.1821
170.9453
171.8741
172.3385
173.7085
174.6373
179.2580
180.6280
181.0924
182.9500
183.4144
184.3200
184.7844
186.6420
187.5476
188.4764
189.4052
190.3340
190.7984
194.7922
196.6266
199.7148