3.2740
4.0867
5.0620
5.8746
6.8499
7.6626
8.6378
9.4505
10.4490
11.3546
12.2369
13.1425
14.0249
14.9304
15.8128
16.7184
17.6007
18.5063
19.3887
20.2014
21.1766
22.0822
22.9878
24.1023
25.2169
26.1224
27.0048
27.9336
28.7927
30.1627
31.0683
31.9274
32.8562
33.7386
34.6442
35.5265
36.4089
37.3145
38.4522
39.1256
40.0080
40.8903
41.3547
42.0281
42.7015
43.5839
44.4894
45.3950
46.2774
47.1829
48.0653
48.9709
49.8532
50.7588
51.6412
52.5468
53.8935
54.7759
55.6815
56.7960
57.4694
58.1428
59.2573
60.3951
61.5097
62.3920
63.5066
64.6211
65.5267
67.7790
68.6846
69.5438
70.4726
71.5639
72.4695
73.1429
74.2574
75.1630
76.0686
76.9045
78.2977
80.0624
86.1228
87.9340
89.7219
91.5098
93.2978
96.8737
97.5470
98.6616
99.7761
101.1229
102.2375
103.2591
104.0486
105.0471
105.8133
106.8350
107.6245
108.6229
109.3892
110.3180
111.1771
112.5471
113.6617
114.7762
115.8908
116.9125
117.9109
118.8165
119.6989
120.8366
121.9512
122.9729
123.7391
124.4125
125.0627
126.2237
127.3382
129.7995
130.4729
131.5875
132.4931
133.3754
134.4900
135.8367
136.9513
138.0659
140.5272
141.6649
142.9885
145.2408
147.0288
148.8167
150.6046
151.9514
154.8539
155.7595
156.6418
157.7564
158.8941
159.9855
160.8911
161.7966
162.6790
163.5846
164.4669
165.6047
166.7193
167.6016
168.5072
170.3184
171.4329
172.7797
173.8942
174.7766
175.6590
176.3556
177.4701
178.5847
179.6992
180.5816
181.4872
182.3927
183.5305
184.6451
185.3185
186.4330
187.5476
188.4532
189.1265
190.0089
191.3556
192.4702
193.5848
194.7225
195.8139
196.6730
198.2984
199.4130
200.7597
201.6653
202.5477
203.8944
205.0090
205.9146
207.4703
208.3759
209.2582
211.5106
213.9719
214.6453
216.8744
218.6623
219.5447
220.4735
221.9828
223.3760
224.7227
225.8373
227.5788
228.7398
229.8543
231.2011
232.5478
233.4302
234.3358
235.4503
236.3559
237.2383
238.3528
239.4906
240.4891
241.4875
242.3931
243.2755
244.1810
245.0866
245.9690
246.8746
247.7569
248.6625
249.5681
250.4504
251.3560
252.2384
253.1439
254.0263
254.9319
255.3731
257.6254
258.7400
259.8545
261.2245
262.3390
263.4536
264.8004
265.9149
266.8205
267.7029
268.8174
271.2787
272.3933
273.7400
275.5280
277.3159
278.4537
279.5683
281.3562
282.6797
283.5853
284.4909
285.2804
286.2556
287.1612
288.0435
288.9491
289.8547
290.7603
291.6426
292.7572
293.6628
294.5451
295.4739
296.3331
297.2619
298.1442
299.2588
300.1644
301.0467