4.8298
5.6657
6.5248
7.4536
8.3360
9.2183
10.0775
10.9830
11.8190
12.7245
13.5605
14.4660
15.7663
16.6487
17.5078
18.3902
19.2493
20.1317
20.9908
21.8500
22.7323
24.0327
24.9150
25.7509
26.6565
27.4924
28.3748
29.2339
30.1163
30.9754
31.8578
32.7169
33.5761
34.4352
35.3176
36.1999
37.0590
37.9414
38.8005
39.6829
40.5420
41.4244
42.2835
43.1659
44.0483
44.9074
45.7665
46.6257
47.5080
48.3439
49.2263
50.1087
50.9678
51.8269
52.7093
53.5684
54.4508
55.3099
56.8657
57.9106
58.8161
59.6753
60.5344
61.3936
62.2759
63.1351
64.0174
64.8766
65.7589
66.6180
67.5004
68.3595
69.2419
70.1010
70.9526
71.8425
72.7017
73.9788
74.8611
75.7435
76.6026
77.4850
78.3441
79.2265
80.0856
80.9448
81.8271
82.7095
83.5686
84.4278
85.3101
86.3782
87.2606
88.1197
89.1878
90.3024
91.1615
92.0207
93.3210
94.2034
95.0625
101.2158
102.9108
104.0022
105.0703
108.1121
109.6214
110.9217
111.8041
112.6864
114.6369
115.2871
116.7964
117.9109
118.7701
119.2112
120.5116
121.6029
122.0441
123.5534
124.8769
125.7361
126.1772
127.2686
128.4760
129.4512
130.9605