3.4366
4.2366
5.4904
6.4889
7.7428
8.7412
9.7397
10.7381
11.6796
12.9673
13.7673
14.7215
15.4215
16.3735
16.9273
17.6273
18.8812
19.8797
20.8781
21.6874
22.3874
23.6181
24.3844
25.6382
26.6367
27.6351
28.3782
29.6321
30.3321
31.1844
32.1829
33.5829
34.8798
36.3891
37.0891
38.8736
40.1275
40.8705
42.3798
43.6767
44.8644
46.2644
47.6706
49.0706
50.4706
51.8706
53.2706
54.6706
56.0706
57.4706
58.8706
60.3753
61.7753
63.1753
64.5753
65.9753
67.6862
69.0023
70.0323
71.7320
72.8320
75.2322
76.4232
77.8823
80.8002
82.4417
83.6847
85.6816
86.9123
88.9324
90.4755
92.1832
94.1801
96.1771
98.9402
100.3402
101.6802
103.6771
105.0771
106.4771
107.1771
108.1818
110.1787
112.1756
114.1725
116.1725
118.1725
120.1725
122.1725
124.1725
126.1772
128.1772
129.6834
132.6834
135.6834
138.6834
141.6834
144.6834
147.6834
150.6834
153.6727
155.0666
156.6883
158.9406
160.9375
162.9344
164.9313
166.4174
167.6713
168.8821
170.9221
172.1760
173.6853
175.6822
177.6791
178.9330
180.9299
182.4392
183.6698
185.0698
186.1776
187.4315
188.1745
190.1745
191.6807
193.0807
194.9315
196.9284
198.1823
199.6452
200.3452
201.0452
202.1761
204.1761
205.1761
207.6793
209.0793
210.7793
212.1793
213.8793
215.2793
216.9793
218.3793
219.0793
220.7793
222.3809
223.6778
225.6747
226.9286
228.9255
230.3686
232.1763
234.1732
235.6825
236.9364
238.9333
240.9302
242.9272
244.1810
245.6903
247.0903
248.1749
250.9380
252.3811
254.7811
256.1858
258.1827
260.1827
262.1827
265.6827
267.0827
268.0827
269.6766
271.0766
272.4766
273.8766
275.2766
276.6766
278.0766
279.4766
280.8766
282.2766
283.6766
285.0766
286.4766
287.8766
289.2766
290.6766
291.6659