3.5759
4.3886
5.2013
6.0140
7.0356
8.1966
9.1254
10.0542
11.6796
12.5852
13.5140
14.4196
15.8360
17.4382
18.3670
19.2726
20.2014
21.1302
22.0590
23.1967
24.1255
25.0543
25.9599
26.8887
27.8175
28.7463
30.1395
31.0451
31.9739
32.9027
33.8083
34.7371
35.6659
36.5946
37.2912
38.1968
39.1256
40.0544
40.9832
41.8888
42.8176
43.7464
44.6752
46.0452
46.9740
47.9028
48.8316
49.7371
50.6659
51.5947
52.5235
53.4291
54.3579
55.2867
56.2155
57.1211
58.0499
58.9787
59.9075
60.5809
61.5097
62.4385
63.3673
64.2728
65.2016
66.1304
67.0592
67.9880
68.8936
69.8224
70.7512
71.6800
72.5856
73.5144
74.4432
75.3488
76.2776
77.2063
78.1351
79.0407
79.9695
80.8983
81.8271
82.7327
83.6615
84.5903
85.5191
86.4479
87.3535
88.2823
89.2111
90.1399
91.0454
91.9742
92.9030
93.8318
94.7374
95.6662
96.5950
97.2916
98.2204
99.1492
100.0548
100.9836
101.8892
102.8180
103.7468
104.6756
105.5811
106.5099
107.4387
108.3675
109.2731
110.2019
111.1307
112.0595
112.9651
113.8939
114.8227
115.7515
116.6571
117.5859
118.5146
119.4434
120.3490
121.2778
122.2066
123.1354
124.0410
124.9698
125.8986
126.8274
127.7562
128.6618
129.5906
130.5194
131.4482
132.3537
133.2825
134.2113
135.1401
136.0457
136.9745
137.9033
138.8321
139.7377
140.6665
141.5953
142.5241
143.4297
144.3585
145.2873
146.2161
147.1216
148.0504
148.9792
149.8848
150.8136
151.7424
152.6712
153.5768
154.5056
155.4344
156.3632
157.2688
158.1976
159.1263
160.0551
160.9839
161.8895
162.8183
164.1651
165.9995
166.9515
167.8803
168.8091
169.7379
170.6667
171.5955
172.5243
173.4298
174.3586
175.2874
176.2162
177.1218
178.0506
178.9794
179.9082
180.8138
181.7426
182.6714
183.5770
184.5058
185.4346
186.3634
187.2689
188.1977
189.1265
190.0553
190.9841
191.8897
192.8185
193.7473
194.6761
195.5817
196.5105
197.4393
198.3449
199.2737
201.1312
202.0600
202.9656
204.8232
205.7520
206.6576
207.5864
208.5152
209.8852
210.8140